function [ALPHA_BREAK,clift,clift_q,cd0,cd_q,cd_de,cy_b,croll_b,croll_p,croll_r,cm,cm_q,cn_b,cn_p,cy_r,...
    clift_de,cy_da,cy_dr,croll_da,cn_da,cn_r,cy_p,croll_dr,cn_dr,cm_de,cy_de,croll_de,cn_de] = Aerodata1


% F18 HARV aerodata (27 data points) alpha in deg
ALPHA_BREAK = [-14.0000  -10.00000   -6.00000   -2.00000    2.00000    6.00000 ...
   10.00000    14.0000    18.0000    22.0000    26.0000    30.0000    34.0000 ...
    38.0000    42.0000    46.0000    50.0000    54.0000    58.0000    62.0000 ...
    66.0000    70.0000    74.0000    78.0000    82.0000    86.0000    90.0000]';  

% All derivatives are expressed in /deg

% here is lift-coefficient due to alfa
clift = [-1.03860  -0.880907  -0.551318  -0.216206   0.154461   0.560857 ...
	     0.951575    1.24168    1.39786    1.53103    1.64110    1.77724    1.88652 ...
	     1.88940    1.80975    1.68556    1.57524    1.46011    1.31884    1.17117 ...
	     1.02151   0.858875   0.685334   0.529482   0.378268   0.229349    9.10933E-02];

% here is clift_q (lift coeff due to pitch rate)
clift_q = [7.87143E-02    7.87143E-02    7.87144E-02    7.88452E-02    7.64891E-02 ...
	     6.91587E-02    6.33554E-02    5.99084E-02    5.89049E-02    6.05629E-02 ...
	     6.28755E-02    6.91587E-02    8.89245E-02    0.119991   0.147829   0.159698 ...
	     0.131772       1.03847E-01    9.21534E-02    8.79646E-02    8.63938E-02    8.63938E-02 ...
	     8.49975E-02    8.25541E-02    7.97615E-02    7.66200E-02    7.24312E-02]; 

% here is cd0 (zero-lift drag coeff)
cd0 =  [0.227325   0.170673    7.47685E-02    3.20977E-02    2.79305E-02 ...
	     6.13288E-02   0.154023   0.261263   0.363863   0.486635   0.643989   0.863792 ...
	     1.08558    1.27900    1.47638    1.61911    1.74604    1.84448    1.92402 ...
	     1.98384    2.02834    2.06708    2.11362    2.15514    2.17363    2.16283 ...
	     2.12822];

% here is cd_q (drag coeff due to pitch rate)
cd_q = [ 1.48740E-16   -2.21604E-16   -8.70391E-05   -7.79330E-04   -8.31959E-04 ...
	    -6.60720E-05    1.33279E-03    1.67685E-04    5.84481E-06   -9.59697E-17 ...
	    -6.48262E-17   -2.05428E-16   -2.53047E-16    2.02363E-16    3.51664E-16 ...
	     8.52635E-16    5.44982E-16   -5.45460E-16    1.14528E-15   -2.50755E-16 ...
	     8.43503E-16   -8.45493E-16   -2.54842E-15   -7.66583E-16   -3.79368E-16 ...
	     9.11688E-16    9.07194E-16];

% here is cd_del (drag coeff due to left stabilator deflection)
cd_del = [ -2.63851E-03   -2.42289E-03   -2.00960E-03   -1.61668E-03   -1.11178E-03 ...
	    -4.31951E-04    4.33892E-04    1.11520E-03    1.97203E-03    2.82682E-03 ...
	     3.59917E-03    4.29851E-03    4.93824E-03    5.55955E-03    5.88711E-03 ...
	     5.82388E-03    5.49440E-03    5.22574E-03    5.15071E-03    5.18088E-03 ...
	     5.20101E-03    5.06911E-03    3.65306E-03    2.50369E-03    1.69598E-03 ...
	     1.25007E-03    1.13131E-03];

% here is cd_der (drag coeff due to right stabilator deflection)
cd_der = [ -2.63851E-03   -2.42289E-03   -2.00960E-03   -1.61668E-03   -1.11178E-03 ...
	    -4.31951E-04    4.33892E-04    1.11520E-03    1.97203E-03    2.82682E-03 ...
	     3.59917E-03    4.29851E-03    4.93824E-03    5.55955E-03    5.88711E-03 ...
	     5.82388E-03    5.49440E-03    5.22574E-03    5.15071E-03    5.18088E-03 ...
	     5.20101E-03    5.06911E-03    3.65306E-03    2.50369E-03    1.69598E-03 ...
	     1.25007E-03    1.13131E-03];

cd_de = cd_del+cd_der;

% here is sideforce coeff due to sideslip derivative
cy_b = [-1.71957E-02   -1.71957E-02   -1.77407E-02   -1.82857E-02   -1.84197E-02 ...
	   -1.84159E-02   -1.87763E-02   -1.77142E-02   -1.55057E-02   -1.40980E-02 ...	
	   -1.28732E-02   -1.26852E-02   -1.25160E-02   -1.35594E-02   -1.40314E-02 ...
	   -1.33128E-02   -1.19496E-02   -1.30678E-02   -1.37112E-02   -1.37528E-02 ...
	   -1.33426E-02   -1.29076E-02   -1.33076E-02   -1.38320E-02   -1.37811E-02 ...
	   -1.31714E-02   -1.27360E-02];

% here is croll_b (rolling moment coeff due to sideslip)
croll_b = [-3.70196E-05   -3.70196E-05   -4.41520E-04   -8.46019E-04   -1.27065E-03 ...
	   -1.70123E-03   -2.11290E-03   -2.77077E-03   -3.37291E-03   -3.47757E-03 ...
	   -3.16486E-03   -2.35754E-03   -1.22554E-03   -1.14567E-03   -1.63756E-03 ...
	   -2.22957E-03   -2.45882E-03   -2.47686E-03   -2.44493E-03   -2.51646E-03 ...
	   -2.70976E-03   -2.90803E-03   -2.82658E-03   -2.75756E-03   -2.70552E-03 ...
	   -2.67292E-03   -2.66024E-03]; 

% here is croll_p (rolling moment coeff due to roll rate)
croll_p = [-7.05113E-03   -7.05113E-03   -7.05113E-03   -7.05113E-03   -7.05113E-03 ...
	   -7.05113E-03   -6.24828E-03   -5.25344E-03   -4.62512E-03   -3.85718E-03 ...
	   -5.38434E-03   -7.94125E-03   -8.68301E-03   -8.72665E-03   -4.88692E-03 ...
	    3.49064E-05   -3.31613E-03   -3.73500E-03   -4.04916E-03   -4.36332E-03 ...
	   -4.67748E-03   -4.88692E-03   -5.02655E-03   -5.16617E-03   -5.30580E-03 ...
	   -5.41052E-03   -5.41052E-03];

% here is croll_r (rolling moment coeff due to yaw rate)
croll_r = [2.14676E-04    2.14676E-04    2.14676E-04    5.85558E-04    1.52804E-03 ...
	    2.57087E-03    3.39117E-03    3.84496E-03    3.98895E-03    4.11549E-03 ...
	    4.43401E-03    5.18886E-03    5.68192E-03    5.06669E-03    4.07360E-03 ...
	    3.28122E-03    2.56214E-03    2.18515E-03    1.86052E-03    1.58127E-03 ...
	    1.33692E-03    1.11352E-03    1.12748E-03    1.13097E-03    9.28515E-04 ...
	    5.34071E-04    1.71042E-04];

% here is cm (pitching moment coeff due to angle-of-attack)
cm = [9.62520E-02    8.07290E-02    5.54066E-02    2.80686E-02    5.08503E-03 ...
	    -6.61034E-03   -1.64371E-02   -1.60245E-02   -5.86329E-02   -8.42348E-02 ...
	    -8.52663E-02  -0.105573  -0.117061  -0.110115  -0.114069  -0.118398   -1.01818E-01 ...
	   -0.146057  -0.228343  -0.351592  -0.426319  -0.476887  -0.601749  -0.563499 ...
	   -0.547688  -0.570013  -0.588038]; 

% here is cm_q (pitching moment coeff due to pitch rate)
cm_q = [-8.68301E-02   -8.68301E-02   -8.68301E-02   -8.65683E-02   -8.53902E-02 ...
	    -8.08524E-02   -7.57473E-02   -7.23875E-02   -7.56600E-02   -8.29032E-02 ...
	    -8.81828E-02   -1.02364E-01  -0.147655  -0.205556  -0.132732    1.80642E-02 ...
	     4.31969E-02    1.80642E-02   -1.96350E-02   -6.50135E-02   -1.00967E-01 ...
	    -9.81748E-02   -9.53822E-02   -9.25897E-02   -8.90991E-02   -8.52593E-02 ...
	    -8.24668E-02];

% here is cn_b (yawing moment coeff due to sideslip)
cn_b = [1.42071E-03    1.42071E-03    1.52521E-03    1.62971E-03    1.65089E-03 ...
	    1.67084E-03    1.80024E-03    1.46016E-03    9.91781E-04    6.82316E-04 ...
	    1.75902E-04   -1.09086E-03   -1.11070E-03   -1.59428E-03   -1.88776E-03 ...
	   -1.76721E-03   -1.35917E-03   -1.52852E-03   -1.63273E-03   -1.59147E-03 ...
	   -1.44456E-03   -1.34440E-03   -1.47796E-03   -1.60891E-03   -1.69618E-03 ...
	    -1.72843E-03   -1.73807E-03];

% here is cn_p (yawing moment coeff due to roll rate)
cn_p = [-1.26406E-03   -1.26406E-03   -1.26406E-03   -1.23533E-03   -1.17787E-03 ...
	    -1.12041E-03   -9.39611E-04   -6.36739E-04   -2.47236E-04    1.00356E-04 ...
	     3.70882E-04    4.58149E-04    3.97062E-04    2.48709E-04    2.33874E-04 ...
	     4.18879E-04    6.98132E-04    9.77384E-04   -1.04720E-03   -1.60570E-03 ...
	    -3.24631E-04   -2.26893E-04   -1.44164E-03   -6.98132E-04   -8.81388E-14 ...
	    -9.39512E-14   -9.97960E-14]; 

% here is cn_r (yawing moment coeff due to yaw rate)
